0.00913000000000000
0.00913000000000000
0.00609000000000000
0.00609000000000000
0.00304000000000000
0.00304000000000000
0
0
0.00304000000000000
0.00304000000000000
0.00304000000000000
0
0
0
-0.00304000000000000
-0.00304000000000000
-0.00609000000000000
-0.00609000000000000
-0.00609000000000000
-0.00609000000000000
-0.00609000000000000
-0.00304000000000000
-0.00304000000000000
-0.00304000000000000
-0.00304000000000000
-0.00304000000000000
0
0
0
0
0
0
0
0
0
0
0
0
0
0
0
0
-0.00304000000000000
-0.00304000000000000
-0.00609000000000000
-0.00913000000000000
-0.00913000000000000
-0.00913000000000000
-0.0122000000000000
-0.0122000000000000
-0.00913000000000000
-0.00913000000000000
-0.00609000000000000
-0.00304000000000000
-0.00304000000000000
0
0
0
0
0
0
0
0
0
-0.00304000000000000
-0.00304000000000000
-0.00304000000000000
-0.00304000000000000
-0.00304000000000000
-0.00304000000000000
-0.00304000000000000
-0.00304000000000000
-0.00609000000000000
-0.00609000000000000
-0.00609000000000000
-0.00609000000000000
-0.00304000000000000
0
0
0.00304000000000000
0.00609000000000000
0.00609000000000000
0.00609000000000000
0.00609000000000000
0.00609000000000000
0.00609000000000000
0.00304000000000000
0.00304000000000000
0.00304000000000000
0
0
0
0
-0.00304000000000000
-0.00304000000000000
-0.00304000000000000
-0.00304000000000000
-0.00304000000000000
-0.00609000000000000
-0.00304000000000000
-0.00304000000000000
-0.00304000000000000
0
0
0.00304000000000000
0.00609000000000000
0.00913000000000000
0.00913000000000000
0.00913000000000000
0.0122000000000000
0.00913000000000000
0.00913000000000000
0.00913000000000000
0.00609000000000000
0.00609000000000000
0.00304000000000000
0.00304000000000000
0.00304000000000000
0.00304000000000000
0
0
-0.00304000000000000
-0.00304000000000000
-0.00609000000000000
-0.00609000000000000
-0.00609000000000000
-0.00609000000000000
-0.00304000000000000
-0.00304000000000000
0
0
0
0
0
0
0.00304000000000000
0.00304000000000000
0.00304000000000000
0.00304000000000000
0.00304000000000000
0.00304000000000000
0.00304000000000000
0.00304000000000000
0.00304000000000000
0.00304000000000000
0.00304000000000000
0
0
0
-0.00304000000000000
-0.00304000000000000
-0.00609000000000000
-0.00913000000000000
-0.00913000000000000
-0.00913000000000000
-0.00913000000000000
-0.00609000000000000
-0.00609000000000000
-0.00609000000000000
-0.00304000000000000
-0.00304000000000000
-0.00304000000000000
-0.00304000000000000
-0.00304000000000000
-0.00304000000000000
0
0
-0.00304000000000000
-0.00304000000000000
-0.00304000000000000
-0.00609000000000000
-0.00609000000000000
-0.00609000000000000
-0.00913000000000000
-0.00913000000000000
-0.00913000000000000
-0.00609000000000000
-0.00609000000000000
-0.00304000000000000
0
0
0
0
0
-0.00304000000000000
-0.00304000000000000
-0.00609000000000000
-0.00609000000000000
-0.00913000000000000
-0.00913000000000000
-0.00609000000000000
-0.00609000000000000
-0.00609000000000000
-0.00304000000000000
-0.00304000000000000
-0.00304000000000000
-0.00304000000000000
-0.00304000000000000
-0.00304000000000000
-0.00304000000000000
-0.00304000000000000
-0.00304000000000000
-0.00304000000000000
0
0.00304000000000000
0.00304000000000000
0.00609000000000000
0.00913000000000000
0.0122000000000000
0.0122000000000000
0.0122000000000000
0.0122000000000000
0.00913000000000000
0.00913000000000000
0.00609000000000000
0.00304000000000000
0
0
0
0
0
0
0
0
0
-0.00304000000000000
-0.00304000000000000
-0.00304000000000000
-0.00304000000000000
-0.00304000000000000
0
0.00304000000000000
0.00609000000000000
0.00913000000000000
0.00913000000000000
0.00913000000000000
0.00913000000000000
0.00913000000000000
0.00609000000000000
0.00609000000000000
0.00304000000000000
0.00304000000000000
0.00304000000000000
0.00304000000000000
0.00304000000000000
0
0
-0.00304000000000000
-0.00609000000000000
-0.00609000000000000
-0.00913000000000000
-0.00913000000000000
-0.00913000000000000
-0.00913000000000000
-0.00913000000000000
-0.00609000000000000
-0.00304000000000000
0
0
0.00304000000000000
0.00304000000000000
0.00304000000000000
0.00304000000000000
0
0
-0.00304000000000000
-0.00304000000000000
-0.00609000000000000
-0.00609000000000000
-0.00609000000000000
-0.00609000000000000
-0.00609000000000000
-0.00609000000000000
-0.00609000000000000
-0.00609000000000000
-0.00609000000000000
-0.00304000000000000
-0.00304000000000000
-0.00304000000000000
-0.00304000000000000
0
0
0
0
0
-0.00304000000000000
-0.00304000000000000
-0.00304000000000000
-0.00304000000000000
-0.00304000000000000
-0.00304000000000000
0
0
0
0
0.00304000000000000
0.00304000000000000
0.00304000000000000
0.00304000000000000
0.00304000000000000
0
0
0
0
0.00304000000000000
0.00304000000000000
0.00304000000000000
0.00304000000000000
0.00609000000000000
0.00609000000000000
0.00304000000000000
0.00304000000000000
0.00304000000000000
0.00304000000000000
0.00304000000000000
0.00304000000000000
0
0
-0.00304000000000000
-0.00304000000000000
-0.00609000000000000
-0.00913000000000000
-0.00913000000000000
-0.00913000000000000
-0.00913000000000000
-0.00913000000000000
-0.00609000000000000
-0.00609000000000000
-0.00609000000000000
-0.00304000000000000
-0.00304000000000000
0
0
0.00304000000000000
0.00304000000000000
0.00609000000000000
0.00609000000000000
0.00609000000000000
0.00304000000000000
0.00304000000000000
0.00304000000000000
0.00304000000000000
0.00304000000000000
0.00304000000000000
0.00609000000000000
0.00609000000000000
0.00609000000000000
0.00609000000000000
0.00609000000000000
0.00304000000000000
0.00304000000000000
0
0
-0.00304000000000000
-0.00304000000000000
-0.00609000000000000
-0.00609000000000000
-0.00609000000000000
-0.00609000000000000
-0.00609000000000000
-0.00304000000000000
-0.00304000000000000
-0.00304000000000000
-0.00304000000000000
-0.00304000000000000
-0.00304000000000000
0
0
0
0
0
0
0
-0.00304000000000000
-0.00304000000000000
-0.00609000000000000
-0.00609000000000000
-0.00913000000000000
-0.00913000000000000
-0.00913000000000000
-0.00609000000000000
-0.00609000000000000
-0.00609000000000000
-0.00609000000000000
-0.00304000000000000
-0.00609000000000000
-0.00304000000000000
-0.00609000000000000
-0.00609000000000000
-0.00609000000000000
-0.00609000000000000
-0.00304000000000000
-0.00304000000000000
0
0
0.00304000000000000
0.00304000000000000
0.00304000000000000
0.00609000000000000
0.00304000000000000
0.00304000000000000
0.00304000000000000
0
0
-0.00304000000000000
-0.00304000000000000
-0.00304000000000000
-0.00304000000000000
-0.00304000000000000
-0.00304000000000000
-0.00304000000000000
-0.00304000000000000
0
0
0
0
0
0
0
0.00304000000000000
0.00304000000000000
0.00609000000000000
0.00913000000000000
0.00913000000000000
0.0122000000000000
0.0122000000000000
0.00913000000000000
0.00913000000000000
0.00609000000000000
0.00304000000000000
0
-0.00304000000000000
-0.00609000000000000
-0.00609000000000000
-0.00609000000000000
-0.00913000000000000
-0.00609000000000000
-0.00609000000000000
-0.00609000000000000
-0.00304000000000000
-0.00304000000000000
0
0
0.00304000000000000
0.00304000000000000
0
0
-0.00304000000000000
-0.00304000000000000
-0.00609000000000000
-0.00609000000000000
-0.00304000000000000
-0.00304000000000000
-0.00304000000000000
0
0
0
0
0
0
0
0
0
0.00304000000000000
0.00304000000000000
0.00304000000000000
0.00304000000000000
0
0
-0.00304000000000000
-0.00304000000000000
-0.00304000000000000
-0.00304000000000000
-0.00304000000000000
-0.00304000000000000
-0.00304000000000000
-0.00304000000000000
0
0
0
0
0
0
0
0.00304000000000000
0.00304000000000000
0.00304000000000000
0.00304000000000000
0.00304000000000000
0.00304000000000000
0.00304000000000000
0.00304000000000000
0
0
0
0
0.00304000000000000
0.00304000000000000
0.00304000000000000
0.00304000000000000
0.00304000000000000
0.00304000000000000
0.00304000000000000
0
-0.00304000000000000
-0.00609000000000000
-0.00913000000000000
-0.00913000000000000
-0.00913000000000000
-0.00913000000000000
-0.00609000000000000
-0.00304000000000000
0
0
0.00304000000000000
0.00609000000000000
0.00609000000000000
0.00609000000000000
0.00304000000000000
0.00304000000000000
0.00304000000000000
0
0
0
0
0
0
0
0
0
-0.00304000000000000
-0.00304000000000000
-0.00304000000000000
-0.00304000000000000
-0.00304000000000000
-0.00609000000000000
-0.00609000000000000
-0.00609000000000000
-0.00913000000000000
-0.00913000000000000
-0.00913000000000000
-0.00913000000000000
-0.00913000000000000
-0.00609000000000000
-0.00609000000000000
-0.00304000000000000
-0.00304000000000000
-0.00304000000000000
-0.00304000000000000
0
0
0
0
0.00304000000000000
0.00304000000000000
0.00304000000000000
0.00304000000000000
0.00304000000000000
0.00304000000000000
0
0
-0.00304000000000000
-0.00304000000000000
0
0
0
0
0
0
-0.00304000000000000
-0.00304000000000000
-0.00609000000000000
-0.00609000000000000
-0.00913000000000000
-0.00913000000000000
-0.00609000000000000
-0.00609000000000000
-0.00304000000000000
-0.00304000000000000
0
0
0.00304000000000000
0.00304000000000000
0.00304000000000000
0.00304000000000000
0.00304000000000000
0
0
0
0
0
0
0
0.00304000000000000
0.00304000000000000
0.00304000000000000
0.00304000000000000
0
0
-0.00304000000000000
-0.00304000000000000
-0.00304000000000000
-0.00304000000000000
-0.00304000000000000
-0.00304000000000000
-0.00304000000000000
-0.00304000000000000
0
0
0
0.00304000000000000
0.00304000000000000
0.00304000000000000
0.00609000000000000
0.00609000000000000
0.00609000000000000
0.00304000000000000
0.00304000000000000
0.00304000000000000
0
0
0
0
0
0
0
0
0
0
0
0
0
0
0
0
0
0.00304000000000000
0
0
0
0
-0.00304000000000000
-0.00304000000000000
-0.00304000000000000
-0.00304000000000000
-0.00304000000000000
-0.00304000000000000
-0.00304000000000000
-0.00304000000000000
-0.00304000000000000
-0.00304000000000000
-0.00304000000000000
-0.00304000000000000
-0.00609000000000000
-0.00609000000000000
-0.00609000000000000
-0.00609000000000000
-0.00609000000000000
-0.00609000000000000
-0.00304000000000000
-0.00304000000000000
-0.00304000000000000
0
0
0
0
0.00304000000000000
0.00304000000000000
0.00304000000000000
0.00609000000000000
0.00609000000000000
0.00609000000000000
0.00913000000000000
0.00913000000000000
0.00913000000000000
0.00609000000000000
0.00609000000000000
0.00304000000000000
0.00304000000000000
0
0
0
0
-0.00304000000000000
0
0
0
0
0.00304000000000000
0.00304000000000000
0.00304000000000000
0.00304000000000000
0.00304000000000000
0
-0.00304000000000000
-0.00304000000000000
-0.00913000000000000
-0.00913000000000000
-0.0122000000000000
-0.0122000000000000
-0.0122000000000000
-0.00913000000000000
-0.00913000000000000
-0.00609000000000000
-0.00609000000000000
-0.00609000000000000
-0.00609000000000000
-0.00609000000000000
-0.00304000000000000
-0.00304000000000000
-0.00304000000000000
0
0
0.00304000000000000
0.00304000000000000
0.00304000000000000
0.00304000000000000
0.00304000000000000
0.00304000000000000
0.00304000000000000
0.00304000000000000
0.00304000000000000
0.00304000000000000
0.00304000000000000
0.00304000000000000
0.00304000000000000
0
0
0
0
-0.00304000000000000
-0.00304000000000000
-0.00304000000000000
-0.00609000000000000
-0.00609000000000000
-0.00609000000000000
-0.00609000000000000
-0.00304000000000000
-0.00304000000000000
0
0
0
0
0
0
0
0
0
0
0
0
0
0
0
-0.00304000000000000
-0.00304000000000000
-0.00304000000000000
-0.00304000000000000
-0.00304000000000000
-0.00304000000000000
-0.00304000000000000
-0.00304000000000000
-0.00304000000000000
-0.00304000000000000
-0.00304000000000000
-0.00304000000000000
-0.00609000000000000
-0.00304000000000000
-0.00304000000000000
-0.00304000000000000
0
0.00304000000000000
0.00304000000000000
0.00304000000000000
0.00609000000000000
0.00609000000000000
0.00609000000000000
0.00609000000000000
0.00609000000000000
0.00609000000000000
0.00609000000000000
0.00609000000000000
0.00609000000000000
0.00609000000000000
0.00304000000000000
0
0
-0.00304000000000000
-0.00609000000000000
-0.00609000000000000
-0.00609000000000000
-0.00609000000000000
-0.00609000000000000
-0.00609000000000000
-0.00304000000000000
-0.00304000000000000
-0.00304000000000000
-0.00609000000000000
-0.00609000000000000
-0.00913000000000000
-0.00913000000000000
-0.0122000000000000
-0.0122000000000000
-0.0122000000000000
-0.00913000000000000
-0.00913000000000000
-0.00609000000000000
-0.00304000000000000
0
0.00304000000000000
0.00304000000000000
0.00304000000000000
0.00304000000000000
0.00304000000000000
0.00304000000000000
0
0
-0.00304000000000000
0
0
0
0.00304000000000000
0.00609000000000000
0.00609000000000000
0.00609000000000000
0.00609000000000000
0.00609000000000000
0.00609000000000000
0.00609000000000000
0.00304000000000000
0.00304000000000000
0.00304000000000000
0.00304000000000000
0.00304000000000000
0.00304000000000000
0.00304000000000000
0.00304000000000000
0
0
0.00304000000000000
0.00304000000000000
0.00304000000000000
0.00304000000000000
0.00304000000000000
0.00304000000000000
0.00304000000000000
0.00609000000000000
0.00609000000000000
0.00609000000000000
0.00609000000000000
0.00913000000000000
0.00913000000000000
0.00609000000000000
0.00609000000000000
0.00304000000000000
0
-0.00304000000000000
-0.00609000000000000
-0.00913000000000000
-0.00913000000000000
-0.00913000000000000
-0.00913000000000000
-0.00609000000000000
-0.00609000000000000
-0.00304000000000000
-0.00304000000000000
-0.00304000000000000
0
0
-0.00304000000000000
-0.00304000000000000
-0.00304000000000000
-0.00304000000000000
-0.00304000000000000
-0.00304000000000000
0
0
0
0.00304000000000000
0.00304000000000000
0.00304000000000000
0.00304000000000000
0
0
-0.00304000000000000
-0.00304000000000000
-0.00609000000000000
-0.00609000000000000
-0.00609000000000000
-0.00913000000000000
-0.00609000000000000
-0.00913000000000000
-0.00913000000000000
-0.0122000000000000
-0.0122000000000000
-0.0152000000000000
-0.0152000000000000
-0.0152000000000000
-0.0152000000000000
-0.0122000000000000
-0.00609000000000000
-0.00304000000000000
0
0.00304000000000000
0.00609000000000000
0.00913000000000000
0.00913000000000000
0.00609000000000000
0.00304000000000000
0.00304000000000000
0
-0.00304000000000000
-0.00609000000000000
-0.00913000000000000
-0.00913000000000000
-0.00913000000000000
-0.00913000000000000
-0.00913000000000000
-0.00609000000000000
-0.00609000000000000
-0.00609000000000000
-0.00609000000000000
-0.00609000000000000
-0.00304000000000000
-0.00304000000000000
-0.00304000000000000
-0.00304000000000000
0
0.00304000000000000
0.00304000000000000
0.00609000000000000
0.00609000000000000
0.00609000000000000
0.00609000000000000
0.00609000000000000
0.00609000000000000
0.00304000000000000
0.00304000000000000
0.00304000000000000
0.00304000000000000
0
0
0
0
0
0
0
0.00304000000000000
0.00304000000000000
0.00304000000000000
0.00304000000000000
0.00304000000000000
0.00609000000000000
0.00609000000000000
0.00609000000000000
0.00609000000000000
0.00609000000000000
0.00609000000000000
0.00609000000000000
0.00609000000000000
0.00609000000000000
0.00304000000000000
0.00304000000000000
0.00304000000000000
0.00304000000000000
0.00304000000000000
0
0
0
-0.00304000000000000
-0.00304000000000000
-0.00304000000000000
-0.00609000000000000
-0.00304000000000000
-0.00304000000000000
0
0
0.00304000000000000
0.00609000000000000
0.00609000000000000
0.00609000000000000
0.00609000000000000
0.00609000000000000
0.00609000000000000
0.00609000000000000
0.00304000000000000
0.00304000000000000
0.00304000000000000
0.00304000000000000
0
0
0
0
-0.00304000000000000
-0.00304000000000000
-0.00609000000000000
-0.00913000000000000
-0.00913000000000000
-0.00913000000000000
-0.00913000000000000
-0.00913000000000000
-0.00609000000000000
-0.00609000000000000
-0.00304000000000000
-0.00304000000000000
0
0
0
0
0.00304000000000000
0
0
0
-0.00304000000000000
-0.00609000000000000
-0.00913000000000000
-0.00913000000000000
-0.0122000000000000
-0.0122000000000000
-0.0122000000000000
-0.0122000000000000
-0.0122000000000000
-0.0183000000000000
-0.0396000000000000
-0.0944000000000000
-0.210000000000000
-0.417000000000000
-0.746000000000000
-1.21000000000000
-1.78000000000000
-2.41000000000000
-3.01000000000000
-3.46000000000000
-3.61000000000000
-3.36000000000000
-2.60000000000000
-1.31000000000000
0.445000000000000
2.52000000000000
4.71000000000000
6.76000000000000
8.42000000000000
9.50000000000000
9.87000000000000
9.52000000000000
8.53000000000000
7.06000000000000
5.32000000000000
3.49000000000000
1.74000000000000
0.143000000000000
-1.26000000000000
-2.52000000000000
-3.68000000000000
-4.83000000000000
-5.97000000000000
-7.10000000000000
-8.15000000000000
-9
-9.54000000000000
-9.68000000000000
-9.37000000000000
-8.63000000000000
-7.56000000000000
-6.26000000000000
-4.86000000000000
-3.49000000000000
-2.22000000000000
-1.08000000000000
-0.0457000000000000
0.935000000000000
1.92000000000000
2.93000000000000
3.97000000000000
4.99000000000000
5.88000000000000
6.54000000000000
6.86000000000000
6.79000000000000
6.30000000000000
5.47000000000000
4.39000000000000
3.21000000000000
2.06000000000000
1.07000000000000
0.292000000000000
-0.241000000000000
-0.566000000000000
-0.755000000000000
-0.886000000000000
-1.04000000000000
-1.24000000000000
-1.52000000000000
-1.84000000000000
-2.16000000000000
-2.38000000000000
-2.45000000000000
-2.30000000000000
-1.93000000000000
-1.32000000000000
-0.524000000000000
0.387000000000000
1.34000000000000
2.24000000000000
3.03000000000000
3.64000000000000
4.03000000000000
4.19000000000000
4.12000000000000
3.83000000000000
3.35000000000000
2.72000000000000
1.97000000000000
1.15000000000000
0.292000000000000
-0.563000000000000
-1.39000000000000
-2.16000000000000
-2.85000000000000
-3.46000000000000
-3.97000000000000
-4.35000000000000
-4.59000000000000
-4.68000000000000
-4.61000000000000
-4.37000000000000
-3.96000000000000
-3.40000000000000
-2.71000000000000
-1.91000000000000
-1.01000000000000
-0.0670000000000000
0.901000000000000
1.85000000000000
2.75000000000000
3.56000000000000
4.24000000000000
4.75000000000000
5.06000000000000
5.15000000000000
4.99000000000000
4.60000000000000
3.99000000000000
3.21000000000000
2.28000000000000
1.29000000000000
0.283000000000000
-0.673000000000000
-1.53000000000000
-2.27000000000000
-2.86000000000000
-3.31000000000000
-3.61000000000000
-3.78000000000000
-3.83000000000000
-3.75000000000000
-3.55000000000000
-3.21000000000000
-2.74000000000000
-2.15000000000000
-1.46000000000000
-0.722000000000000
0.0365000000000000
0.755000000000000
1.39000000000000
1.89000000000000
2.25000000000000
2.45000000000000
2.49000000000000
2.41000000000000
2.23000000000000
1.98000000000000
1.70000000000000
1.41000000000000
1.12000000000000
0.849000000000000
0.588000000000000
0.335000000000000
0.0852000000000000
-0.164000000000000
-0.411000000000000
-0.652000000000000
-0.883000000000000
-1.10000000000000
-1.31000000000000
-1.50000000000000
-1.68000000000000
-1.84000000000000
-1.99000000000000
-2.12000000000000
-2.22000000000000
-2.28000000000000
-2.30000000000000
-2.26000000000000
-2.17000000000000
-2.04000000000000
-1.87000000000000
-1.67000000000000
-1.45000000000000
-1.21000000000000
-0.953000000000000
-0.673000000000000
-0.359000000000000
-0.0122000000000000
0.378000000000000
0.804000000000000
1.25000000000000
1.71000000000000
2.14000000000000
2.52000000000000
2.82000000000000
3.02000000000000
3.10000000000000
3.06000000000000
2.91000000000000
2.66000000000000
2.31000000000000
1.90000000000000
1.43000000000000
0.926000000000000
0.402000000000000
-0.119000000000000
-0.621000000000000
-1.08000000000000
-1.48000000000000
-1.79000000000000
-2
-2.09000000000000
-2.06000000000000
-1.89000000000000
-1.62000000000000
-1.23000000000000
-0.770000000000000
-0.253000000000000
0.283000000000000
0.807000000000000
1.29000000000000
1.71000000000000
2.05000000000000
2.28000000000000
2.40000000000000
2.40000000000000
2.29000000000000
2.08000000000000
1.78000000000000
1.42000000000000
1
0.566000000000000
0.122000000000000
-0.304000000000000
-0.706000000000000
-1.07000000000000
-1.39000000000000
-1.65000000000000
-1.85000000000000
-2
-2.07000000000000
-2.08000000000000
-2
-1.84000000000000
-1.61000000000000
-1.31000000000000
-0.953000000000000
-0.548000000000000
-0.116000000000000
0.323000000000000
0.746000000000000
1.13000000000000
1.45000000000000
1.70000000000000
1.84000000000000
1.88000000000000
1.82000000000000
1.65000000000000
1.40000000000000
1.07000000000000
0.697000000000000
0.304000000000000
-0.0822000000000000
-0.445000000000000
-0.761000000000000
-1.03000000000000
-1.24000000000000
-1.39000000000000
-1.50000000000000
-1.57000000000000
-1.61000000000000
-1.61000000000000
-1.58000000000000
-1.50000000000000
-1.37000000000000
-1.18000000000000
-0.929000000000000
-0.606000000000000
-0.219000000000000
0.219000000000000
0.694000000000000
1.18000000000000
1.66000000000000
2.08000000000000
2.44000000000000
2.72000000000000
2.89000000000000
2.94000000000000
2.90000000000000
2.74000000000000
2.49000000000000
2.16000000000000
1.76000000000000
1.30000000000000
0.798000000000000
0.271000000000000
-0.265000000000000
-0.792000000000000
-1.29000000000000
-1.74000000000000
-2.12000000000000
-2.43000000000000
-2.64000000000000
-2.75000000000000
-2.76000000000000
-2.68000000000000
-2.50000000000000
-2.23000000000000
-1.90000000000000
-1.51000000000000
-1.08000000000000
-0.624000000000000
-0.167000000000000
0.265000000000000
0.658000000000000
0.986000000000000
1.23000000000000
1.38000000000000
1.43000000000000
1.38000000000000
1.23000000000000
1.01000000000000
0.734000000000000
0.426000000000000
0.116000000000000
-0.183000000000000
-0.457000000000000
-0.694000000000000
-0.892000000000000
-1.05000000000000
-1.18000000000000
-1.26000000000000
-1.31000000000000
-1.32000000000000
-1.29000000000000
-1.21000000000000
-1.07000000000000
-0.880000000000000
-0.648000000000000
-0.387000000000000
-0.116000000000000
0.149000000000000
0.381000000000000
0.569000000000000
0.697000000000000
0.764000000000000
0.767000000000000
0.725000000000000
0.642000000000000
0.545000000000000
0.445000000000000
0.359000000000000
0.298000000000000
0.268000000000000
0.268000000000000
0.301000000000000
0.359000000000000
0.432000000000000
0.518000000000000
0.606000000000000
0.685000000000000
0.752000000000000
0.798000000000000
0.816000000000000
0.807000000000000
0.767000000000000
0.703000000000000
0.612000000000000
0.505000000000000
0.384000000000000
0.250000000000000
0.107000000000000
-0.0487000000000000
-0.216000000000000
-0.402000000000000
-0.600000000000000
-0.813000000000000
-1.03000000000000
-1.24000000000000
-1.42000000000000
-1.56000000000000
-1.63000000000000
-1.63000000000000
-1.56000000000000
-1.41000000000000
-1.19000000000000
-0.941000000000000
-0.664000000000000
-0.390000000000000
-0.131000000000000
0.0974000000000000
0.289000000000000
0.448000000000000
0.572000000000000
0.667000000000000
0.737000000000000
0.782000000000000
0.804000000000000
0.792000000000000
0.749000000000000
0.670000000000000
0.560000000000000
0.423000000000000
0.271000000000000
0.110000000000000
-0.0426000000000000
-0.177000000000000
-0.286000000000000
-0.362000000000000
-0.405000000000000
-0.414000000000000
-0.387000000000000
-0.329000000000000
-0.237000000000000
-0.116000000000000
0.0396000000000000
0.222000000000000
0.432000000000000
0.655000000000000
0.886000000000000
1.10000000000000
1.29000000000000
1.44000000000000
1.54000000000000
1.57000000000000
1.55000000000000
1.47000000000000
1.34000000000000
1.18000000000000
1.01000000000000
0.825000000000000
0.639000000000000
0.457000000000000
0.277000000000000
0.0974000000000000
-0.0792000000000000
-0.256000000000000
-0.429000000000000
-0.588000000000000
-0.731000000000000
-0.843000000000000
-0.916000000000000
-0.944000000000000
-0.916000000000000
-0.840000000000000
-0.715000000000000
-0.554000000000000
-0.365000000000000
-0.161000000000000
0.0487000000000000
0.250000000000000
0.438000000000000
0.603000000000000
0.743000000000000
0.852000000000000
0.932000000000000
0.977000000000000
0.989000000000000
0.965000000000000
0.907000000000000
0.807000000000000
0.670000000000000
0.490000000000000
0.274000000000000
0.0183000000000000
-0.265000000000000
-0.569000000000000
-0.883000000000000
-1.19000000000000
-1.47000000000000
-1.71000000000000
-1.89000000000000
-2.01000000000000
-2.06000000000000
-2.02000000000000
-1.92000000000000
-1.75000000000000
-1.53000000000000
-1.27000000000000
-0.971000000000000
-0.658000000000000
-0.338000000000000
-0.0183000000000000
0.295000000000000
0.588000000000000
0.859000000000000
1.09000000000000
1.29000000000000
1.43000000000000
1.51000000000000
1.53000000000000
1.49000000000000
1.38000000000000
1.21000000000000
1
0.755000000000000
0.487000000000000
0.210000000000000
-0.0578000000000000
-0.311000000000000
-0.536000000000000
-0.728000000000000
-0.877000000000000
-0.983000000000000
-1.04000000000000
-1.05000000000000
-1.01000000000000
-0.929000000000000
-0.801000000000000
-0.636000000000000
-0.445000000000000
-0.237000000000000
-0.0274000000000000
0.177000000000000
0.359000000000000
0.511000000000000
0.627000000000000
0.697000000000000
0.719000000000000
0.694000000000000
0.627000000000000
0.524000000000000
0.384000000000000
0.222000000000000
0.0396000000000000
-0.152000000000000
-0.347000000000000
-0.542000000000000
-0.725000000000000
-0.892000000000000
-1.04000000000000
-1.15000000000000
-1.24000000000000
-1.28000000000000
-1.30000000000000
-1.28000000000000
-1.21000000000000
-1.12000000000000
-1
-0.856000000000000
-0.688000000000000
-0.508000000000000
-0.314000000000000
-0.116000000000000
0.0822000000000000
0.280000000000000
0.469000000000000
0.642000000000000
0.798000000000000
0.926000000000000
1.03000000000000
1.09000000000000
1.12000000000000
1.11000000000000
1.07000000000000
1
0.913000000000000
0.804000000000000
0.685000000000000
0.560000000000000
0.438000000000000
0.320000000000000
0.210000000000000
0.110000000000000
0.0244000000000000
-0.0487000000000000
-0.104000000000000
-0.140000000000000
-0.155000000000000
-0.152000000000000
-0.128000000000000
-0.0822000000000000
-0.0183000000000000
0.0578000000000000
0.146000000000000
0.241000000000000
0.332000000000000
0.420000000000000
0.499000000000000
0.566000000000000
0.621000000000000
0.655000000000000
0.673000000000000
0.673000000000000
0.652000000000000
0.612000000000000
0.545000000000000
0.457000000000000
0.344000000000000
0.210000000000000
0.0578000000000000
-0.104000000000000
-0.268000000000000
-0.426000000000000
-0.572000000000000
-0.697000000000000
-0.798000000000000
-0.868000000000000
-0.910000000000000
-0.922000000000000
-0.907000000000000
-0.865000000000000
-0.804000000000000
-0.719000000000000
-0.615000000000000
-0.496000000000000
-0.356000000000000
-0.207000000000000
-0.0457000000000000
0.116000000000000
0.274000000000000
0.420000000000000
0.545000000000000
0.642000000000000
0.706000000000000
0.737000000000000
0.734000000000000
0.694000000000000
0.627000000000000
0.539000000000000
0.429000000000000
0.311000000000000
0.186000000000000
0.0578000000000000
-0.0609000000000000
-0.174000000000000
-0.271000000000000
-0.356000000000000
-0.420000000000000
-0.466000000000000
-0.490000000000000
-0.493000000000000
-0.478000000000000
-0.438000000000000
-0.384000000000000
-0.311000000000000
-0.225000000000000
-0.125000000000000
-0.0152000000000000
0.0974000000000000
0.213000000000000
0.326000000000000
0.429000000000000
0.524000000000000
0.606000000000000
0.670000000000000
0.715000000000000
0.746000000000000
0.758000000000000
0.761000000000000
0.749000000000000
0.725000000000000
0.694000000000000
0.652000000000000
0.597000000000000
0.530000000000000
0.445000000000000
0.344000000000000
0.225000000000000
0.0913000000000000
-0.0548000000000000
-0.207000000000000
-0.362000000000000
-0.508000000000000
-0.642000000000000
-0.758000000000000
-0.852000000000000
-0.922000000000000
-0.971000000000000
-0.996000000000000
-0.996000000000000
-0.974000000000000
-0.935000000000000
-0.874000000000000
-0.792000000000000
-0.691000000000000
-0.572000000000000
-0.438000000000000
-0.289000000000000
-0.140000000000000
0.0122000000000000
0.152000000000000
0.274000000000000
0.374000000000000
0.445000000000000
0.484000000000000
0.487000000000000
0.463000000000000
0.405000000000000
0.323000000000000
0.216000000000000
0.0944000000000000
-0.0426000000000000
-0.186000000000000
-0.332000000000000
-0.472000000000000
-0.597000000000000
-0.703000000000000
-0.785000000000000
-0.831000000000000
-0.843000000000000
-0.819000000000000
-0.758000000000000
-0.670000000000000
-0.554000000000000
-0.423000000000000
-0.280000000000000
-0.134000000000000
0.0122000000000000
0.152000000000000
0.286000000000000
0.411000000000000
0.524000000000000
0.627000000000000
0.712000000000000
0.776000000000000
0.819000000000000
0.828000000000000
0.810000000000000
0.761000000000000
0.679000000000000
0.575000000000000
0.448000000000000
0.307000000000000
0.164000000000000
0.0274000000000000
-0.100000000000000
-0.210000000000000
-0.301000000000000
-0.368000000000000
-0.411000000000000
-0.432000000000000
-0.432000000000000
-0.411000000000000
-0.378000000000000
-0.329000000000000
-0.271000000000000
-0.201000000000000
-0.125000000000000
-0.0426000000000000
0.0426000000000000
0.131000000000000
0.213000000000000
0.292000000000000
0.362000000000000
0.420000000000000
0.460000000000000
0.478000000000000
0.478000000000000
0.457000000000000
0.414000000000000
0.350000000000000
0.271000000000000
0.180000000000000
0.0792000000000000
-0.0274000000000000
-0.128000000000000
-0.219000000000000
-0.298000000000000
-0.359000000000000
-0.399000000000000
-0.417000000000000
-0.414000000000000
-0.396000000000000
-0.356000000000000
-0.304000000000000
-0.244000000000000
-0.174000000000000
-0.0974000000000000
-0.0183000000000000
0.0670000000000000
0.152000000000000
0.241000000000000
0.329000000000000
0.420000000000000
0.502000000000000
0.578000000000000
0.639000000000000
0.682000000000000
0.703000000000000
0.700000000000000
0.673000000000000
0.621000000000000
0.545000000000000
0.454000000000000
0.353000000000000
0.244000000000000
0.134000000000000
0.0304000000000000
-0.0639000000000000
-0.149000000000000
-0.222000000000000
-0.283000000000000
-0.332000000000000
-0.368000000000000
-0.396000000000000
-0.414000000000000
-0.417000000000000
-0.411000000000000
-0.393000000000000
-0.362000000000000
-0.320000000000000
-0.268000000000000
-0.210000000000000
-0.146000000000000
-0.0852000000000000
-0.0304000000000000
0.0183000000000000
0.0578000000000000
0.0883000000000000
0.107000000000000
0.113000000000000
0.110000000000000
0.0944000000000000
0.0700000000000000
0.0396000000000000
0
-0.0457000000000000
-0.0944000000000000
-0.146000000000000
-0.198000000000000
-0.247000000000000
-0.292000000000000
-0.332000000000000
-0.365000000000000
-0.390000000000000
-0.411000000000000
-0.423000000000000
-0.429000000000000
-0.429000000000000
-0.423000000000000
-0.411000000000000
-0.390000000000000
-0.359000000000000
-0.320000000000000
-0.268000000000000
-0.207000000000000
-0.140000000000000
-0.0639000000000000
0.0152000000000000
0.0944000000000000
0.170000000000000
0.244000000000000
0.307000000000000
0.365000000000000
0.414000000000000
0.454000000000000
0.481000000000000
0.502000000000000
0.511000000000000
0.511000000000000
0.499000000000000
0.475000000000000
0.441000000000000
0.396000000000000
0.341000000000000
0.280000000000000
0.213000000000000
0.140000000000000
0.0700000000000000
0.00304000000000000
-0.0609000000000000
-0.116000000000000
-0.164000000000000
-0.198000000000000
-0.219000000000000
-0.228000000000000
-0.222000000000000
-0.204000000000000
-0.177000000000000
-0.134000000000000
-0.0883000000000000
-0.0365000000000000
0.0183000000000000
0.0670000000000000
0.113000000000000
0.149000000000000
0.174000000000000
0.189000000000000
0.195000000000000
0.189000000000000
0.170000000000000
0.146000000000000
0.110000000000000
0.0670000000000000
0.0183000000000000
-0.0396000000000000
-0.100000000000000
-0.161000000000000
-0.222000000000000
-0.277000000000000
-0.326000000000000
-0.365000000000000
-0.390000000000000
-0.402000000000000
-0.402000000000000
-0.390000000000000
-0.365000000000000
-0.335000000000000
-0.295000000000000
-0.253000000000000
-0.207000000000000
-0.161000000000000
-0.116000000000000
-0.0731000000000000
-0.0304000000000000
0.0122000000000000
0.0487000000000000
0.0822000000000000
0.110000000000000
0.134000000000000
0.155000000000000
0.170000000000000
0.183000000000000
0.189000000000000
0.192000000000000
0.192000000000000
0.189000000000000
0.186000000000000
0.180000000000000
0.174000000000000
0.164000000000000
0.152000000000000
0.140000000000000
0.125000000000000
0.110000000000000
0.0944000000000000
0.0822000000000000
0.0700000000000000
0.0639000000000000
0.0609000000000000
0.0609000000000000
0.0609000000000000
0.0670000000000000
0.0731000000000000
0.0792000000000000
0.0883000000000000
0.0974000000000000
0.110000000000000
0.122000000000000
0.134000000000000
0.149000000000000
0.164000000000000
0.180000000000000
0.195000000000000
0.207000000000000
0.213000000000000
0.216000000000000
0.210000000000000
0.198000000000000
0.177000000000000
0.146000000000000
0.110000000000000
0.0639000000000000
0.0122000000000000
-0.0396000000000000
-0.0944000000000000
-0.149000000000000
-0.201000000000000
-0.247000000000000
-0.286000000000000
-0.320000000000000
-0.341000000000000
-0.356000000000000
-0.362000000000000
-0.359000000000000
-0.350000000000000
-0.332000000000000
-0.311000000000000
-0.283000000000000
-0.253000000000000
-0.222000000000000
-0.189000000000000
-0.152000000000000
-0.119000000000000
-0.0852000000000000
-0.0548000000000000
-0.0304000000000000
-0.00913000000000000
0.00304000000000000
0.00913000000000000
0.00304000000000000
-0.00913000000000000
-0.0304000000000000
-0.0548000000000000
-0.0822000000000000
-0.113000000000000
-0.137000000000000
-0.158000000000000
-0.170000000000000
-0.174000000000000
-0.167000000000000
-0.155000000000000
-0.134000000000000
-0.107000000000000
-0.0761000000000000
-0.0426000000000000
-0.00304000000000000
0.0365000000000000
0.0761000000000000
0.122000000000000
0.164000000000000
0.213000000000000
0.259000000000000
0.301000000000000
0.341000000000000
0.371000000000000
0.396000000000000
0.411000000000000
0.411000000000000
0.402000000000000
0.384000000000000
0.353000000000000
0.314000000000000
0.265000000000000
0.213000000000000
0.155000000000000
0.0974000000000000
0.0365000000000000
-0.0213000000000000
-0.0761000000000000
-0.128000000000000
-0.174000000000000
-0.210000000000000
-0.241000000000000
-0.259000000000000
-0.271000000000000
-0.271000000000000
-0.259000000000000
-0.241000000000000
-0.216000000000000
-0.186000000000000
-0.149000000000000
-0.113000000000000
-0.0731000000000000
-0.0335000000000000
0
0.0304000000000000
0.0578000000000000
0.0822000000000000
0.100000000000000
0.116000000000000
0.122000000000000
0.125000000000000
0.122000000000000
0.113000000000000
0.0944000000000000
0.0731000000000000
0.0487000000000000
0.0183000000000000
-0.00913000000000000
-0.0365000000000000
-0.0639000000000000
-0.0852000000000000
-0.104000000000000
-0.113000000000000
-0.119000000000000
-0.116000000000000
-0.110000000000000
-0.0944000000000000
-0.0731000000000000
-0.0487000000000000
-0.0183000000000000
0.0152000000000000
0.0487000000000000
0.0822000000000000
0.116000000000000
0.146000000000000
0.177000000000000
0.198000000000000
0.219000000000000
0.234000000000000
0.244000000000000
0.250000000000000
0.253000000000000
0.250000000000000
0.244000000000000
0.231000000000000
0.219000000000000
0.201000000000000
0.177000000000000
0.149000000000000
0.119000000000000
0.0852000000000000
0.0487000000000000
0.0152000000000000
-0.0213000000000000
-0.0578000000000000
-0.0883000000000000
-0.116000000000000
-0.143000000000000
-0.164000000000000
-0.180000000000000
-0.195000000000000
-0.207000000000000
-0.213000000000000
-0.216000000000000
-0.216000000000000
-0.213000000000000
-0.210000000000000
-0.204000000000000
-0.198000000000000
-0.192000000000000
-0.186000000000000
-0.180000000000000
-0.174000000000000
-0.164000000000000
-0.158000000000000
-0.149000000000000
-0.140000000000000
-0.131000000000000
-0.122000000000000
-0.116000000000000
-0.110000000000000
-0.107000000000000
-0.104000000000000
-0.104000000000000
-0.104000000000000
-0.107000000000000
-0.107000000000000
-0.110000000000000
-0.110000000000000
-0.110000000000000
-0.110000000000000
-0.107000000000000
-0.104000000000000
-0.100000000000000
-0.0974000000000000
-0.0883000000000000
-0.0792000000000000
-0.0670000000000000
-0.0487000000000000
-0.0244000000000000
0.00304000000000000
0.0396000000000000
0.0761000000000000
0.116000000000000
0.158000000000000
0.198000000000000
0.237000000000000
0.277000000000000
0.311000000000000
0.338000000000000
0.359000000000000
0.374000000000000
0.381000000000000
0.381000000000000
0.368000000000000
0.347000000000000
0.320000000000000
0.283000000000000
0.241000000000000
0.195000000000000
0.149000000000000
0.104000000000000
0.0609000000000000
0.0183000000000000
-0.0183000000000000
-0.0518000000000000
-0.0792000000000000
-0.100000000000000
-0.119000000000000
-0.128000000000000
-0.131000000000000
-0.131000000000000
-0.122000000000000
-0.110000000000000
-0.0944000000000000
-0.0731000000000000
-0.0548000000000000
-0.0365000000000000
-0.0213000000000000
-0.0122000000000000
-0.00609000000000000
-0.00913000000000000
-0.0152000000000000
-0.0274000000000000
-0.0457000000000000
-0.0670000000000000
-0.0944000000000000
-0.122000000000000
-0.152000000000000
-0.183000000000000
-0.213000000000000
-0.241000000000000
-0.268000000000000
-0.289000000000000
-0.307000000000000
-0.317000000000000
-0.317000000000000
-0.311000000000000
-0.295000000000000
-0.271000000000000
-0.241000000000000
-0.201000000000000
-0.155000000000000
-0.107000000000000
-0.0548000000000000
-0.00304000000000000
0.0487000000000000
0.0974000000000000
0.146000000000000
0.189000000000000
0.228000000000000
0.262000000000000
0.289000000000000
0.311000000000000
0.323000000000000
0.332000000000000
0.332000000000000
0.329000000000000
0.320000000000000
0.307000000000000
0.292000000000000
0.271000000000000
0.250000000000000
0.225000000000000
0.201000000000000
0.174000000000000
0.143000000000000
0.116000000000000
0.0883000000000000
0.0639000000000000
0.0396000000000000
0.0183000000000000
0.00304000000000000
-0.00913000000000000
-0.0183000000000000
-0.0244000000000000
-0.0244000000000000
-0.0213000000000000
-0.0183000000000000
-0.0122000000000000
-0.00609000000000000
0
0.00609000000000000
0.0122000000000000
0.0152000000000000
0.0152000000000000
0.0152000000000000
0.0122000000000000
0.00304000000000000
-0.00609000000000000
-0.0183000000000000
-0.0365000000000000
-0.0548000000000000
-0.0761000000000000
-0.100000000000000
-0.125000000000000
-0.149000000000000
-0.174000000000000
-0.198000000000000
-0.219000000000000
-0.237000000000000
-0.253000000000000
-0.259000000000000
-0.262000000000000
-0.256000000000000
-0.244000000000000
-0.225000000000000
-0.201000000000000
-0.170000000000000
-0.137000000000000
-0.100000000000000
-0.0639000000000000
-0.0274000000000000
0.00913000000000000
0.0426000000000000
0.0731000000000000
0.100000000000000
0.122000000000000
0.140000000000000
0.152000000000000
0.155000000000000
0.155000000000000
0.149000000000000
0.140000000000000
0.125000000000000
0.104000000000000
0.0822000000000000
0.0609000000000000
0.0365000000000000
0.0122000000000000
-0.00913000000000000
-0.0335000000000000
-0.0518000000000000
-0.0700000000000000
-0.0822000000000000
-0.0944000000000000
-0.0974000000000000
-0.100000000000000
-0.0944000000000000
-0.0883000000000000
-0.0761000000000000
-0.0609000000000000
-0.0426000000000000
-0.0244000000000000
-0.00609000000000000
0.0122000000000000
0.0304000000000000
0.0457000000000000
0.0609000000000000
0.0731000000000000
0.0852000000000000
0.0913000000000000
0.0974000000000000
0.0974000000000000
0.0974000000000000
0.0913000000000000
0.0822000000000000
0.0731000000000000
0.0609000000000000
0.0487000000000000
0.0335000000000000
0.0213000000000000
0.00609000000000000
-0.00609000000000000
-0.0213000000000000
-0.0335000000000000
-0.0487000000000000
-0.0609000000000000
-0.0731000000000000
-0.0822000000000000
-0.0913000000000000
-0.100000000000000
-0.107000000000000
-0.110000000000000
-0.113000000000000
-0.113000000000000
-0.113000000000000
-0.110000000000000
-0.107000000000000
-0.100000000000000
-0.0944000000000000
-0.0883000000000000
-0.0792000000000000
-0.0700000000000000
-0.0609000000000000
-0.0518000000000000
-0.0396000000000000
-0.0274000000000000
-0.0152000000000000
-0.00304000000000000
0.00609000000000000
0.0183000000000000
0.0244000000000000
0.0304000000000000
0.0365000000000000
0.0426000000000000
0.0518000000000000
0.0578000000000000
0.0670000000000000
0.0761000000000000
0.0883000000000000
0.104000000000000
0.116000000000000
0.128000000000000
0.140000000000000
0.152000000000000
0.164000000000000
0.174000000000000
0.183000000000000
0.192000000000000
0.204000000000000
0.213000000000000
0.222000000000000
0.231000000000000
0.234000000000000
0.234000000000000
0.228000000000000
0.216000000000000
0.201000000000000
0.180000000000000
0.152000000000000
0.122000000000000
0.0913000000000000
0.0548000000000000
0.0183000000000000
-0.0213000000000000
-0.0578000000000000
-0.0944000000000000
-0.131000000000000
-0.161000000000000
-0.192000000000000
-0.219000000000000
-0.241000000000000
-0.259000000000000
-0.274000000000000
-0.283000000000000
-0.289000000000000
-0.289000000000000
-0.283000000000000
-0.274000000000000
-0.256000000000000
-0.237000000000000
-0.213000000000000
-0.189000000000000
-0.161000000000000
-0.134000000000000
-0.107000000000000
-0.0822000000000000
-0.0609000000000000
-0.0426000000000000
-0.0274000000000000
-0.0122000000000000
0
0.00913000000000000
0.0152000000000000
0.0213000000000000
0.0244000000000000
0.0244000000000000
0.0213000000000000
0.0183000000000000
0.0152000000000000
0.0122000000000000
0.0122000000000000
0.00913000000000000
0.00913000000000000
0.0122000000000000
0.0183000000000000
0.0244000000000000
0.0365000000000000
0.0518000000000000
0.0670000000000000
0.0852000000000000
0.107000000000000
0.125000000000000
0.146000000000000
0.161000000000000
0.177000000000000
0.189000000000000
0.195000000000000
0.198000000000000
0.201000000000000
0.195000000000000
0.189000000000000
0.180000000000000
0.170000000000000
0.155000000000000
0.140000000000000
0.122000000000000
0.100000000000000
0.0792000000000000
0.0548000000000000
0.0304000000000000
0.00609000000000000
-0.0183000000000000
-0.0426000000000000
-0.0609000000000000
-0.0792000000000000
-0.0944000000000000
-0.104000000000000
-0.110000000000000
-0.113000000000000
-0.113000000000000
-0.107000000000000
-0.100000000000000
-0.0913000000000000
-0.0792000000000000
-0.0670000000000000
-0.0518000000000000
-0.0365000000000000
-0.0213000000000000
-0.00609000000000000
0.00609000000000000
0.0183000000000000
0.0244000000000000
0.0304000000000000
0.0304000000000000
0.0244000000000000
0.0152000000000000
0.00304000000000000
-0.00913000000000000
-0.0274000000000000
-0.0457000000000000
-0.0670000000000000
-0.0852000000000000
-0.107000000000000
-0.128000000000000
-0.146000000000000
-0.164000000000000
-0.177000000000000
-0.189000000000000
-0.192000000000000
-0.192000000000000
-0.186000000000000
-0.174000000000000
-0.155000000000000
-0.134000000000000
-0.107000000000000
-0.0792000000000000
-0.0518000000000000
-0.0213000000000000
0.00609000000000000
0.0335000000000000
0.0578000000000000
0.0792000000000000
0.0974000000000000
0.116000000000000
0.128000000000000
0.137000000000000
0.143000000000000
0.146000000000000
0.146000000000000
0.143000000000000
0.137000000000000
0.128000000000000
0.119000000000000
0.107000000000000
0.0944000000000000
0.0852000000000000
0.0761000000000000
0.0670000000000000
0.0609000000000000
0.0548000000000000
0.0548000000000000
0.0548000000000000
0.0548000000000000
0.0578000000000000
0.0609000000000000
0.0609000000000000
0.0609000000000000
0.0609000000000000
0.0548000000000000
0.0518000000000000
0.0426000000000000
0.0335000000000000
0.0213000000000000
0.0122000000000000
0
-0.0122000000000000
-0.0274000000000000
-0.0396000000000000
-0.0518000000000000
-0.0670000000000000
-0.0822000000000000
-0.0974000000000000
-0.113000000000000
-0.128000000000000
-0.143000000000000
-0.155000000000000
-0.164000000000000
-0.170000000000000
-0.177000000000000
-0.177000000000000
-0.174000000000000
-0.167000000000000
-0.161000000000000
-0.152000000000000
-0.140000000000000
-0.131000000000000
-0.119000000000000
-0.104000000000000
-0.0913000000000000
-0.0761000000000000
-0.0609000000000000
-0.0396000000000000
-0.0213000000000000
0
0.0213000000000000
0.0426000000000000
0.0639000000000000
0.0822000000000000
0.0974000000000000
0.113000000000000
0.122000000000000
0.134000000000000
0.140000000000000
0.146000000000000
0.149000000000000
0.152000000000000
0.152000000000000
0.149000000000000
0.146000000000000
0.143000000000000
0.134000000000000
0.125000000000000
0.113000000000000
0.100000000000000
0.0852000000000000
0.0731000000000000
0.0578000000000000
0.0457000000000000
0.0365000000000000
0.0274000000000000
0.0213000000000000
0.0183000000000000
0.0152000000000000
0.0152000000000000
0.0152000000000000
0.0122000000000000
0.00913000000000000
0.00609000000000000
0.00304000000000000
-0.00304000000000000
-0.00913000000000000
-0.0152000000000000
-0.0213000000000000
-0.0274000000000000
-0.0335000000000000
-0.0396000000000000
-0.0457000000000000
-0.0518000000000000
-0.0609000000000000
-0.0670000000000000
-0.0761000000000000
-0.0852000000000000
-0.0944000000000000
-0.100000000000000
-0.110000000000000
-0.113000000000000
-0.116000000000000
-0.119000000000000
-0.116000000000000
-0.113000000000000
-0.107000000000000
-0.0974000000000000
-0.0852000000000000
-0.0761000000000000
-0.0639000000000000
-0.0518000000000000
-0.0396000000000000
-0.0274000000000000
-0.0152000000000000
0
0.0122000000000000
0.0274000000000000
0.0426000000000000
0.0548000000000000
0.0670000000000000
0.0792000000000000
0.0883000000000000
0.0944000000000000
0.0944000000000000
0.0974000000000000
0.0944000000000000
0.0913000000000000
0.0883000000000000
0.0822000000000000
0.0761000000000000
0.0700000000000000
0.0639000000000000
0.0578000000000000
0.0518000000000000
0.0457000000000000
0.0365000000000000
0.0304000000000000
0.0244000000000000
0.0183000000000000
0.0152000000000000
0.0122000000000000
0.0122000000000000
0.0122000000000000
0.0122000000000000
0.0152000000000000
0.0213000000000000
0.0274000000000000
0.0335000000000000
0.0396000000000000
0.0457000000000000
0.0518000000000000
0.0578000000000000
0.0578000000000000
0.0609000000000000
0.0609000000000000
0.0609000000000000
0.0578000000000000
0.0548000000000000
0.0518000000000000
0.0457000000000000
0.0396000000000000
0.0304000000000000
0.0183000000000000
0.00609000000000000
-0.00913000000000000
-0.0244000000000000
-0.0396000000000000
-0.0548000000000000
-0.0700000000000000
-0.0822000000000000
-0.0944000000000000
-0.104000000000000
-0.110000000000000
-0.116000000000000
-0.122000000000000
-0.122000000000000
-0.125000000000000
-0.125000000000000
-0.122000000000000
-0.122000000000000
-0.116000000000000
-0.110000000000000
-0.104000000000000
-0.0944000000000000
-0.0852000000000000
-0.0761000000000000
-0.0639000000000000
-0.0548000000000000
-0.0426000000000000
-0.0335000000000000
-0.0274000000000000
-0.0213000000000000
-0.0152000000000000
-0.0122000000000000
-0.00913000000000000
-0.00609000000000000
-0.00609000000000000
-0.00609000000000000
-0.00304000000000000
0
0.00609000000000000
0.00913000000000000
0.0152000000000000
0.0213000000000000
0.0304000000000000
0.0365000000000000
0.0457000000000000
0.0548000000000000
0.0639000000000000
0.0761000000000000
0.0852000000000000
0.0974000000000000
0.107000000000000
0.116000000000000
0.122000000000000
0.125000000000000
0.128000000000000
0.125000000000000
0.116000000000000
0.107000000000000
0.0944000000000000
0.0822000000000000
0.0670000000000000
0.0487000000000000
0.0335000000000000
0.0152000000000000
-0.00304000000000000
-0.0244000000000000
-0.0426000000000000
-0.0609000000000000
-0.0792000000000000
-0.0974000000000000
-0.110000000000000
-0.122000000000000
-0.131000000000000
-0.137000000000000
-0.140000000000000
-0.140000000000000
-0.140000000000000
-0.140000000000000
-0.134000000000000
-0.131000000000000
-0.125000000000000
-0.119000000000000
-0.110000000000000
-0.100000000000000
-0.0913000000000000
-0.0822000000000000
-0.0731000000000000
-0.0639000000000000
-0.0548000000000000
-0.0457000000000000
-0.0396000000000000
-0.0335000000000000
-0.0244000000000000
-0.0183000000000000
-0.0122000000000000
-0.00304000000000000
0.00304000000000000
0.0122000000000000
0.0244000000000000
0.0335000000000000
0.0426000000000000
0.0518000000000000
0.0609000000000000
0.0670000000000000
0.0731000000000000
0.0792000000000000
0.0852000000000000
0.0913000000000000
0.0974000000000000
0.104000000000000
0.107000000000000
0.113000000000000
0.116000000000000
0.116000000000000
0.119000000000000
0.119000000000000
0.119000000000000
0.116000000000000
0.116000000000000
0.110000000000000
0.107000000000000
0.100000000000000
0.0944000000000000
0.0883000000000000
0.0792000000000000
0.0700000000000000
0.0609000000000000
0.0518000000000000
0.0396000000000000
0.0304000000000000
0.0183000000000000
0.00913000000000000
0
-0.00913000000000000
-0.0152000000000000
-0.0213000000000000
-0.0274000000000000
-0.0304000000000000
-0.0304000000000000
-0.0304000000000000
-0.0304000000000000
-0.0274000000000000
-0.0274000000000000
-0.0244000000000000
-0.0213000000000000
-0.0183000000000000
-0.0152000000000000
-0.00913000000000000
-0.00609000000000000
0
0.00304000000000000
0.00609000000000000
0.00609000000000000
0.00609000000000000
0.00609000000000000
0.00609000000000000
0.00304000000000000
0
-0.00304000000000000
-0.00609000000000000
-0.0122000000000000
-0.0152000000000000
-0.0213000000000000
-0.0244000000000000
-0.0274000000000000
-0.0335000000000000
-0.0365000000000000
-0.0365000000000000
-0.0396000000000000
-0.0396000000000000
-0.0396000000000000
-0.0396000000000000
-0.0365000000000000
-0.0365000000000000
-0.0335000000000000
-0.0304000000000000
-0.0244000000000000
-0.0213000000000000
-0.0152000000000000
-0.0122000000000000
-0.00913000000000000
-0.00609000000000000
-0.00304000000000000
0
0
0
-0.00304000000000000
-0.00609000000000000
-0.00913000000000000
-0.0122000000000000
-0.0152000000000000
-0.0183000000000000
-0.0213000000000000
-0.0244000000000000
-0.0274000000000000
-0.0274000000000000
-0.0274000000000000
-0.0304000000000000
-0.0304000000000000
-0.0304000000000000
-0.0304000000000000
-0.0335000000000000
-0.0335000000000000
-0.0335000000000000
-0.0335000000000000
-0.0335000000000000
-0.0365000000000000
-0.0365000000000000
-0.0365000000000000
-0.0335000000000000
-0.0304000000000000
-0.0274000000000000
-0.0244000000000000
-0.0213000000000000
-0.0183000000000000
-0.0152000000000000
-0.0122000000000000
-0.0122000000000000
-0.0152000000000000
-0.0183000000000000
-0.0213000000000000
-0.0244000000000000
-0.0274000000000000
-0.0335000000000000
-0.0365000000000000
-0.0426000000000000
-0.0457000000000000
-0.0518000000000000
-0.0578000000000000
-0.0609000000000000
-0.0670000000000000
-0.0700000000000000
-0.0731000000000000
-0.0731000000000000
-0.0700000000000000
-0.0670000000000000
-0.0609000000000000
-0.0518000000000000
-0.0426000000000000
-0.0335000000000000
-0.0183000000000000
-0.00609000000000000
0.00609000000000000
0.0213000000000000
0.0335000000000000
0.0457000000000000
0.0578000000000000
0.0731000000000000
0.0852000000000000
0.0974000000000000
0.107000000000000
0.119000000000000
0.128000000000000
0.137000000000000
0.143000000000000
0.146000000000000
0.146000000000000
0.143000000000000
0.140000000000000
0.134000000000000
0.128000000000000
0.122000000000000
0.113000000000000
0.107000000000000
0.100000000000000
0.0944000000000000
0.0913000000000000
0.0852000000000000
0.0792000000000000
0.0731000000000000
0.0670000000000000
0.0609000000000000
0.0548000000000000
0.0487000000000000
0.0426000000000000
0.0365000000000000
0.0304000000000000
0.0244000000000000
0.0183000000000000
0.0152000000000000
0.00913000000000000
0.00609000000000000
0
-0.00609000000000000
-0.0122000000000000
-0.0183000000000000
-0.0274000000000000
-0.0365000000000000
-0.0457000000000000
-0.0548000000000000
-0.0609000000000000
-0.0670000000000000
-0.0731000000000000
-0.0792000000000000
-0.0852000000000000
-0.0883000000000000
-0.0913000000000000
-0.0944000000000000
-0.0974000000000000
-0.100000000000000
-0.104000000000000
-0.104000000000000
-0.104000000000000
-0.104000000000000
-0.104000000000000
-0.100000000000000
-0.0974000000000000
-0.0944000000000000
-0.0913000000000000
-0.0883000000000000
-0.0852000000000000
-0.0822000000000000
-0.0792000000000000
-0.0731000000000000
-0.0700000000000000
-0.0609000000000000
-0.0548000000000000
-0.0457000000000000
-0.0396000000000000
-0.0304000000000000
-0.0244000000000000
-0.0183000000000000
-0.0122000000000000
-0.00913000000000000
-0.00609000000000000
-0.00304000000000000
-0.00304000000000000
-0.00304000000000000
0
0
0.00304000000000000
0.00609000000000000
0.00913000000000000
0.0122000000000000
0.0152000000000000
0.0213000000000000
0.0244000000000000
0.0304000000000000
0.0335000000000000
0.0396000000000000
0.0457000000000000
0.0518000000000000
0.0578000000000000
0.0609000000000000
0.0670000000000000
0.0700000000000000
0.0761000000000000
0.0761000000000000
0.0792000000000000
0.0792000000000000
0.0792000000000000
0.0761000000000000
0.0700000000000000
0.0670000000000000
0.0609000000000000
0.0548000000000000
0.0457000000000000
0.0396000000000000
0.0304000000000000
0.0213000000000000
0.0152000000000000
0.00609000000000000
0
-0.00609000000000000
-0.0122000000000000
-0.0183000000000000
-0.0213000000000000
-0.0244000000000000
-0.0274000000000000
-0.0304000000000000
-0.0304000000000000
-0.0304000000000000
-0.0304000000000000
-0.0274000000000000
-0.0213000000000000
-0.0152000000000000
-0.00913000000000000
0
0.00609000000000000
0.0152000000000000
0.0213000000000000
0.0274000000000000
0.0304000000000000
0.0335000000000000
0.0335000000000000
0.0365000000000000
0.0365000000000000
0.0365000000000000
0.0335000000000000
0.0335000000000000
0.0335000000000000
0.0304000000000000
0.0304000000000000
0.0274000000000000
0.0244000000000000
0.0213000000000000
0.0183000000000000
0.0152000000000000
0.0122000000000000
0.00609000000000000
0.00304000000000000
-0.00304000000000000
-0.00913000000000000
-0.0152000000000000
-0.0183000000000000
-0.0213000000000000
-0.0244000000000000
-0.0274000000000000
-0.0274000000000000
-0.0274000000000000
-0.0274000000000000
-0.0274000000000000
-0.0304000000000000
-0.0304000000000000
-0.0304000000000000
-0.0304000000000000
-0.0304000000000000
-0.0304000000000000
-0.0304000000000000
-0.0274000000000000
-0.0274000000000000
-0.0274000000000000
-0.0274000000000000
-0.0274000000000000
-0.0274000000000000
-0.0304000000000000
-0.0304000000000000
-0.0335000000000000
-0.0335000000000000
-0.0396000000000000
-0.0426000000000000
-0.0457000000000000
-0.0487000000000000
-0.0518000000000000
-0.0548000000000000
-0.0578000000000000
-0.0609000000000000
-0.0609000000000000
-0.0609000000000000
-0.0578000000000000
-0.0548000000000000
-0.0518000000000000
-0.0457000000000000
-0.0396000000000000
-0.0335000000000000
-0.0213000000000000
-0.0122000000000000
0
0.0122000000000000
0.0244000000000000
0.0335000000000000
0.0426000000000000
0.0487000000000000
0.0518000000000000
0.0518000000000000
0.0518000000000000
0.0518000000000000
0.0487000000000000
0.0487000000000000
0.0457000000000000
0.0426000000000000
0.0426000000000000
0.0396000000000000
0.0396000000000000
0.0365000000000000
0.0335000000000000
0.0304000000000000
0.0274000000000000
0.0274000000000000
0.0244000000000000
0.0213000000000000
0.0183000000000000
0.0152000000000000
0.0152000000000000
0.0152000000000000
0.0183000000000000
0.0213000000000000
0.0244000000000000
0.0274000000000000
0.0304000000000000
0.0365000000000000
0.0365000000000000
0.0396000000000000
0.0396000000000000
0.0396000000000000
0.0365000000000000
0.0335000000000000
0.0304000000000000
0.0274000000000000
0.0244000000000000
0.0213000000000000
0.0213000000000000
0.0183000000000000
0.0183000000000000
0.0152000000000000
0.00913000000000000
0.00609000000000000
0
-0.00609000000000000
-0.0122000000000000
-0.0183000000000000
-0.0244000000000000
-0.0304000000000000
-0.0335000000000000
-0.0365000000000000
-0.0396000000000000
-0.0396000000000000
-0.0426000000000000
-0.0426000000000000
-0.0426000000000000
-0.0457000000000000
-0.0457000000000000
-0.0487000000000000
-0.0487000000000000
-0.0487000000000000
-0.0487000000000000
-0.0487000000000000
-0.0487000000000000
-0.0487000000000000
-0.0487000000000000
-0.0487000000000000
-0.0487000000000000
-0.0487000000000000
-0.0487000000000000
-0.0487000000000000
-0.0487000000000000
-0.0487000000000000
-0.0518000000000000
-0.0518000000000000
-0.0548000000000000
-0.0578000000000000
-0.0578000000000000
-0.0578000000000000
-0.0578000000000000
-0.0548000000000000
-0.0518000000000000
-0.0487000000000000
-0.0426000000000000
-0.0365000000000000
-0.0304000000000000
-0.0274000000000000
-0.0213000000000000
-0.0152000000000000
-0.00913000000000000
0
0.00913000000000000
0.0183000000000000
0.0304000000000000
0.0426000000000000
0.0518000000000000
0.0609000000000000
0.0700000000000000
0.0761000000000000
0.0822000000000000
0.0883000000000000
0.0883000000000000
0.0913000000000000
0.0913000000000000
0.0913000000000000
0.0913000000000000
0.0913000000000000
0.0883000000000000
0.0883000000000000
0.0852000000000000
0.0822000000000000
0.0822000000000000
0.0792000000000000
0.0761000000000000
0.0731000000000000
0.0700000000000000
0.0670000000000000
0.0609000000000000
0.0578000000000000
0.0548000000000000
0.0518000000000000
0.0487000000000000
0.0487000000000000
0.0457000000000000
0.0457000000000000
0.0426000000000000
0.0426000000000000
0.0365000000000000
0.0335000000000000
0.0274000000000000
0.0213000000000000
0.0122000000000000
0.00609000000000000
-0.00304000000000000
-0.00913000000000000
-0.0152000000000000
-0.0244000000000000
-0.0304000000000000
-0.0365000000000000
-0.0457000000000000
-0.0518000000000000
-0.0578000000000000
-0.0639000000000000
-0.0700000000000000
-0.0731000000000000
-0.0761000000000000
-0.0792000000000000
-0.0792000000000000
-0.0792000000000000
-0.0761000000000000
-0.0761000000000000
-0.0731000000000000
-0.0700000000000000
-0.0670000000000000
-0.0609000000000000
-0.0578000000000000
-0.0548000000000000
-0.0518000000000000
-0.0487000000000000
-0.0457000000000000
-0.0426000000000000
-0.0396000000000000
-0.0365000000000000
-0.0335000000000000
-0.0335000000000000
-0.0304000000000000
-0.0304000000000000
-0.0274000000000000
-0.0244000000000000
-0.0213000000000000
-0.0183000000000000
-0.0152000000000000
-0.0122000000000000
-0.0122000000000000
-0.00913000000000000
-0.00913000000000000
-0.00913000000000000
-0.00913000000000000
-0.00913000000000000
-0.00913000000000000
-0.00913000000000000
-0.00913000000000000
-0.00609000000000000
-0.00304000000000000
-0.00304000000000000
0
0
0.00304000000000000
0.00304000000000000
0.00609000000000000
0.00609000000000000
0.00609000000000000
0.00913000000000000
0.00913000000000000
0.0122000000000000
0.0122000000000000
0.0122000000000000
0.0122000000000000
0.0152000000000000
0.0152000000000000
0.0152000000000000
0.0152000000000000
0.0152000000000000
0.0152000000000000
0.0122000000000000
0.00913000000000000
0.00609000000000000
0.00609000000000000
0.00304000000000000
0
-0.00304000000000000
-0.00304000000000000
-0.00609000000000000
-0.00913000000000000
-0.0122000000000000
-0.0152000000000000
-0.0152000000000000
-0.0183000000000000
-0.0183000000000000
-0.0183000000000000
-0.0152000000000000
-0.0122000000000000
-0.00913000000000000
-0.00609000000000000
-0.00304000000000000
0.00304000000000000
0.00609000000000000
0.00913000000000000
0.0152000000000000
0.0213000000000000
0.0274000000000000
0.0335000000000000
0.0365000000000000
0.0396000000000000
0.0396000000000000
0.0365000000000000
0.0335000000000000
0.0304000000000000
0.0274000000000000
0.0244000000000000
0.0244000000000000
0.0244000000000000
0.0244000000000000
0.0244000000000000
0.0244000000000000
0.0244000000000000
0.0244000000000000
0.0213000000000000
0.0213000000000000
0.0183000000000000
0.0183000000000000
0.0183000000000000
0.0183000000000000
0.0183000000000000
0.0183000000000000
0.0183000000000000
0.0183000000000000
0.0213000000000000
0.0213000000000000
0.0213000000000000
0.0213000000000000
0.0213000000000000
0.0183000000000000
0.0152000000000000
0.0122000000000000
0.00913000000000000
0.00304000000000000
-0.00304000000000000
-0.00913000000000000
-0.0152000000000000
-0.0183000000000000
-0.0244000000000000
-0.0274000000000000
-0.0304000000000000
-0.0304000000000000
-0.0274000000000000
-0.0274000000000000
-0.0244000000000000
-0.0244000000000000
-0.0213000000000000
-0.0183000000000000
-0.0183000000000000
-0.0152000000000000
-0.0152000000000000
-0.0152000000000000
-0.0122000000000000
-0.00913000000000000
-0.00609000000000000
-0.00304000000000000
0
0.00304000000000000
0.00304000000000000
0.00609000000000000
0.00609000000000000
0.00609000000000000
0.00609000000000000
0.00609000000000000
0.00609000000000000
0.00609000000000000
0.00609000000000000
0.00609000000000000
0.00913000000000000
0.00913000000000000
0.0122000000000000
0.0122000000000000
0.0152000000000000
0.0152000000000000
0.0152000000000000
0.0152000000000000
0.0152000000000000
0.0152000000000000
0.0152000000000000
0.0152000000000000
0.0152000000000000
0.0152000000000000
0.0122000000000000
0.00913000000000000
0.00609000000000000
0.00304000000000000
-0.00304000000000000
-0.00609000000000000
-0.00913000000000000
-0.0122000000000000
-0.0152000000000000
-0.0152000000000000
-0.0122000000000000
-0.0122000000000000
-0.00913000000000000
-0.00913000000000000
-0.00913000000000000
-0.00913000000000000
-0.00913000000000000
-0.0122000000000000
-0.0152000000000000
-0.0183000000000000
-0.0183000000000000
-0.0213000000000000
-0.0213000000000000
-0.0213000000000000
-0.0183000000000000
-0.0183000000000000
-0.0183000000000000
-0.0183000000000000
-0.0213000000000000
-0.0213000000000000
-0.0274000000000000
-0.0274000000000000
-0.0304000000000000
-0.0335000000000000
-0.0365000000000000
-0.0396000000000000
-0.0396000000000000
-0.0426000000000000
-0.0426000000000000
-0.0426000000000000
-0.0426000000000000
-0.0426000000000000
-0.0396000000000000
-0.0396000000000000
-0.0396000000000000
-0.0396000000000000
-0.0365000000000000
-0.0365000000000000
-0.0365000000000000
-0.0365000000000000
-0.0365000000000000
-0.0335000000000000
-0.0335000000000000
-0.0335000000000000
-0.0304000000000000
-0.0304000000000000
-0.0274000000000000
-0.0274000000000000
-0.0244000000000000
-0.0213000000000000
-0.0183000000000000
-0.0122000000000000
-0.00609000000000000
0
0.00609000000000000
0.0152000000000000
0.0213000000000000
0.0304000000000000
0.0365000000000000
0.0396000000000000
0.0457000000000000
0.0487000000000000
0.0518000000000000
0.0548000000000000
0.0578000000000000
0.0609000000000000
0.0639000000000000
0.0670000000000000
0.0700000000000000
0.0731000000000000
0.0761000000000000
0.0792000000000000
0.0792000000000000
0.0792000000000000
0.0792000000000000
0.0761000000000000
0.0731000000000000
0.0700000000000000
0.0670000000000000
0.0609000000000000
0.0578000000000000
0.0518000000000000
0.0487000000000000
0.0457000000000000
0.0426000000000000
0.0365000000000000
0.0304000000000000
0.0244000000000000
0.0213000000000000
0.0152000000000000
0.00913000000000000
0.00304000000000000
0
-0.00304000000000000
-0.00913000000000000
-0.0122000000000000
-0.0152000000000000
-0.0152000000000000
-0.0183000000000000
-0.0213000000000000
-0.0213000000000000
-0.0244000000000000
-0.0274000000000000
-0.0304000000000000
-0.0304000000000000
-0.0335000000000000
-0.0365000000000000
-0.0396000000000000
-0.0426000000000000
-0.0426000000000000
-0.0457000000000000
-0.0487000000000000
-0.0487000000000000
-0.0518000000000000
-0.0518000000000000
-0.0518000000000000
-0.0518000000000000
-0.0487000000000000
-0.0487000000000000
-0.0457000000000000
-0.0426000000000000
-0.0426000000000000
-0.0396000000000000
-0.0365000000000000
-0.0304000000000000
-0.0274000000000000
-0.0213000000000000
-0.0183000000000000
-0.0122000000000000
-0.00304000000000000
0.00304000000000000
0.00609000000000000
0.0122000000000000
0.0152000000000000
0.0183000000000000
0.0213000000000000
0.0213000000000000
0.0183000000000000
0.0183000000000000
0.0183000000000000
0.0152000000000000
0.0122000000000000
0.0122000000000000
0.00913000000000000
0.00913000000000000
0.00609000000000000
0.00304000000000000
0
0
-0.00304000000000000
-0.00609000000000000
-0.00609000000000000
-0.00913000000000000
-0.00913000000000000
-0.0122000000000000
-0.0122000000000000
-0.0152000000000000
-0.0152000000000000
-0.0152000000000000
-0.0152000000000000
-0.0152000000000000
-0.0152000000000000
-0.0152000000000000
-0.0152000000000000
-0.0152000000000000
-0.0183000000000000
-0.0183000000000000
-0.0183000000000000
-0.0183000000000000
-0.0183000000000000
-0.0183000000000000
-0.0183000000000000
-0.0183000000000000
-0.0183000000000000
-0.0183000000000000
-0.0152000000000000
-0.0152000000000000
-0.0122000000000000
-0.00913000000000000
-0.00609000000000000
-0.00304000000000000
0.00304000000000000
0.00609000000000000
0.0122000000000000
0.0152000000000000
0.0213000000000000
0.0244000000000000
0.0274000000000000
0.0304000000000000
0.0335000000000000
0.0365000000000000
0.0365000000000000
0.0396000000000000
0.0396000000000000
0.0426000000000000
0.0426000000000000
0.0457000000000000
0.0487000000000000
0.0487000000000000
0.0518000000000000
0.0518000000000000
0.0487000000000000
0.0487000000000000
0.0457000000000000
0.0426000000000000
0.0396000000000000
0.0365000000000000
0.0335000000000000
0.0274000000000000
0.0244000000000000
0.0183000000000000
0.0122000000000000
0.00913000000000000
0.00304000000000000
-0.00304000000000000
-0.00913000000000000
-0.0152000000000000
-0.0183000000000000
-0.0213000000000000
-0.0244000000000000
-0.0244000000000000
-0.0244000000000000
-0.0244000000000000
-0.0244000000000000
-0.0244000000000000
-0.0244000000000000
-0.0213000000000000
-0.0213000000000000
-0.0244000000000000
-0.0244000000000000
-0.0244000000000000
-0.0244000000000000
-0.0244000000000000
-0.0244000000000000
-0.0244000000000000
-0.0244000000000000
-0.0213000000000000
-0.0213000000000000
-0.0213000000000000
-0.0213000000000000
-0.0213000000000000
-0.0213000000000000
-0.0213000000000000
-0.0244000000000000
-0.0244000000000000
-0.0274000000000000
-0.0274000000000000
-0.0274000000000000
-0.0274000000000000
-0.0274000000000000
-0.0244000000000000
-0.0244000000000000
-0.0213000000000000
-0.0183000000000000
-0.0183000000000000
-0.0152000000000000
-0.0122000000000000
-0.00913000000000000
-0.00913000000000000
-0.00913000000000000
-0.00609000000000000
-0.00609000000000000
-0.00609000000000000
-0.00609000000000000
-0.00609000000000000
-0.00304000000000000
0
0.00304000000000000
0.00913000000000000
0.0122000000000000
0.0183000000000000
0.0213000000000000
0.0244000000000000
0.0274000000000000
0.0274000000000000
0.0274000000000000
0.0274000000000000
0.0274000000000000
0.0274000000000000
0.0304000000000000
0.0304000000000000
0.0335000000000000
0.0335000000000000
0.0365000000000000
0.0365000000000000
0.0365000000000000
0.0335000000000000
0.0335000000000000
0.0304000000000000
0.0274000000000000
0.0213000000000000
0.0183000000000000
0.0152000000000000
0.0122000000000000
0.0122000000000000
0.00913000000000000
0.00913000000000000
0.00609000000000000
0.00304000000000000
0
-0.00304000000000000
-0.00913000000000000
-0.0152000000000000
-0.0183000000000000
-0.0213000000000000
-0.0244000000000000
-0.0274000000000000
-0.0274000000000000
-0.0274000000000000
-0.0244000000000000
-0.0244000000000000
-0.0244000000000000
-0.0244000000000000
-0.0274000000000000
-0.0274000000000000
-0.0304000000000000
-0.0335000000000000
-0.0335000000000000
-0.0365000000000000
-0.0396000000000000
-0.0396000000000000
-0.0396000000000000
-0.0396000000000000
-0.0365000000000000
-0.0365000000000000
-0.0335000000000000
-0.0304000000000000
-0.0274000000000000
-0.0244000000000000
-0.0183000000000000
-0.0152000000000000
-0.0122000000000000
-0.00913000000000000
-0.00609000000000000
-0.00304000000000000
0
0.00304000000000000
0.00609000000000000
0.00913000000000000
0.00913000000000000
0.00913000000000000
0.00913000000000000
0.00913000000000000
0.00913000000000000
0.00913000000000000
0.00913000000000000
0.00913000000000000
0.00913000000000000
0.00913000000000000
0.00913000000000000
0.00913000000000000
0.00913000000000000
0.00609000000000000
0.00304000000000000
0.00304000000000000
0
-0.00304000000000000
-0.00304000000000000
-0.00304000000000000
0
0.00304000000000000
0.00609000000000000
0.00913000000000000
0.0122000000000000
0.0122000000000000
0.0122000000000000
0.0122000000000000
0.0122000000000000
0.0122000000000000
0.0122000000000000
0.0122000000000000
0.0152000000000000
0.0183000000000000
0.0213000000000000
0.0244000000000000
0.0244000000000000
0.0274000000000000
0.0304000000000000
0.0304000000000000
0.0304000000000000
0.0304000000000000
0.0274000000000000
0.0244000000000000
0.0244000000000000
0.0213000000000000
0.0183000000000000
0.0183000000000000
0.0183000000000000
0.0183000000000000
0.0183000000000000
0.0213000000000000
0.0213000000000000
0.0213000000000000
0.0183000000000000
0.0183000000000000
0.0152000000000000
0.0152000000000000
0.0122000000000000
0.0152000000000000
0.0152000000000000
0.0152000000000000
0.0183000000000000
0.0183000000000000
0.0183000000000000
0.0152000000000000
0.0122000000000000
0.00913000000000000
0.00609000000000000
0.00304000000000000
-0.00304000000000000
-0.00304000000000000
-0.00609000000000000
-0.00609000000000000
-0.00913000000000000
-0.00913000000000000
-0.00913000000000000
-0.00913000000000000
-0.0122000000000000
-0.0152000000000000
-0.0183000000000000
-0.0213000000000000
-0.0244000000000000
-0.0274000000000000
-0.0304000000000000
-0.0304000000000000
-0.0304000000000000
-0.0304000000000000
-0.0304000000000000
-0.0304000000000000
-0.0304000000000000
-0.0304000000000000
-0.0304000000000000
-0.0304000000000000
-0.0274000000000000
-0.0274000000000000
-0.0274000000000000
-0.0274000000000000
-0.0244000000000000
-0.0244000000000000
-0.0244000000000000
-0.0244000000000000
-0.0244000000000000
-0.0244000000000000
-0.0244000000000000
-0.0213000000000000
-0.0213000000000000
-0.0213000000000000
-0.0183000000000000
-0.0183000000000000
-0.0183000000000000
-0.0183000000000000
-0.0183000000000000
-0.0183000000000000
-0.0152000000000000
-0.0152000000000000
-0.0152000000000000
-0.0122000000000000
-0.00913000000000000
-0.00913000000000000
-0.00609000000000000
-0.00609000000000000
-0.00609000000000000
-0.00304000000000000
-0.00304000000000000
-0.00304000000000000
-0.00304000000000000
-0.00304000000000000
-0.00304000000000000
0
0.00304000000000000
0.00609000000000000
0.00913000000000000
0.0122000000000000
0.0152000000000000
0.0152000000000000
0.0152000000000000
0.0152000000000000
0.0152000000000000
0.0152000000000000
0.0152000000000000
0.0152000000000000
0.0122000000000000
0.0122000000000000
0.00913000000000000
0.00913000000000000
0.00913000000000000
0.00913000000000000
0.00913000000000000
0.00913000000000000
0.00913000000000000
0.00913000000000000
0.00609000000000000
0.00609000000000000
0.00304000000000000
0.00304000000000000
0
-0.00304000000000000
-0.00304000000000000
-0.00304000000000000
-0.00304000000000000
-0.00304000000000000
-0.00304000000000000
-0.00609000000000000
-0.00609000000000000
-0.00609000000000000
-0.00609000000000000
-0.00609000000000000
-0.00609000000000000
-0.00609000000000000
-0.00609000000000000
-0.00304000000000000
0
0.00304000000000000
0.00913000000000000
0.0122000000000000
0.0152000000000000
0.0152000000000000
0.0152000000000000
0.0152000000000000
0.0122000000000000
0.0122000000000000
0.00913000000000000
0.00609000000000000
0.00609000000000000
0.00609000000000000
0.00609000000000000
0.00609000000000000
0.00609000000000000
0.00609000000000000
0.00609000000000000
0.00913000000000000
0.00913000000000000
0.00913000000000000
0.00913000000000000
0.00913000000000000
0.00913000000000000
0.00913000000000000
0.00609000000000000
0.00609000000000000
0.00304000000000000
0
0
-0.00304000000000000
-0.00304000000000000
-0.00609000000000000
-0.00609000000000000
-0.00609000000000000
-0.00609000000000000
-0.00609000000000000
-0.00609000000000000
-0.00609000000000000
-0.00609000000000000
-0.00609000000000000
-0.00609000000000000
-0.00609000000000000
-0.00609000000000000
-0.00304000000000000
-0.00304000000000000
-0.00304000000000000
-0.00304000000000000
-0.00304000000000000
-0.00304000000000000
-0.00609000000000000
-0.00609000000000000
-0.00609000000000000
-0.00609000000000000
-0.00609000000000000
-0.00304000000000000
-0.00304000000000000
0
0.00304000000000000
0.00609000000000000
0.00913000000000000
0.00913000000000000
0.0122000000000000
0.0152000000000000
0.0152000000000000
0.0152000000000000
0.0183000000000000
0.0183000000000000
0.0213000000000000
0.0213000000000000
0.0244000000000000
0.0244000000000000
0.0244000000000000
0.0244000000000000
0.0244000000000000
0.0244000000000000
0.0213000000000000
0.0213000000000000
0.0213000000000000
0.0213000000000000
0.0183000000000000
0.0213000000000000
0.0183000000000000
0.0183000000000000
0.0183000000000000
0.0183000000000000
0.0152000000000000
0.0122000000000000
0.00913000000000000
0.00609000000000000
0.00304000000000000
0
-0.00609000000000000
-0.00913000000000000
-0.0122000000000000
-0.0152000000000000
-0.0213000000000000
-0.0244000000000000
-0.0274000000000000
-0.0304000000000000
-0.0304000000000000
-0.0335000000000000
-0.0335000000000000
-0.0365000000000000
-0.0396000000000000
-0.0396000000000000
-0.0426000000000000
-0.0426000000000000
-0.0426000000000000
-0.0457000000000000
-0.0457000000000000
-0.0457000000000000
-0.0457000000000000
-0.0457000000000000
-0.0457000000000000
-0.0457000000000000
-0.0426000000000000
-0.0426000000000000
-0.0426000000000000
-0.0396000000000000
-0.0396000000000000
-0.0396000000000000
-0.0396000000000000
-0.0396000000000000
-0.0396000000000000
-0.0396000000000000
-0.0365000000000000
-0.0335000000000000
-0.0304000000000000
-0.0274000000000000
-0.0244000000000000
-0.0213000000000000
-0.0152000000000000
-0.0122000000000000
-0.00913000000000000
-0.00609000000000000
0
0.00609000000000000
0.0122000000000000
0.0152000000000000
0.0213000000000000
0.0244000000000000
0.0274000000000000
0.0335000000000000
0.0365000000000000
0.0396000000000000
0.0426000000000000
0.0457000000000000
0.0487000000000000
0.0487000000000000
0.0518000000000000
0.0518000000000000
0.0518000000000000
0.0487000000000000
0.0487000000000000
0.0487000000000000
0.0457000000000000
0.0457000000000000
0.0426000000000000
0.0396000000000000
0.0365000000000000
0.0365000000000000
0.0335000000000000
0.0304000000000000
0.0304000000000000
0.0274000000000000
0.0274000000000000
0.0244000000000000
0.0213000000000000
0.0183000000000000
0.0152000000000000
0.0122000000000000
0.00913000000000000
0.00609000000000000
0.00304000000000000
0.00304000000000000
0
-0.00304000000000000
-0.00609000000000000
-0.00913000000000000
-0.00913000000000000
-0.0122000000000000
-0.0122000000000000
-0.0122000000000000
-0.0122000000000000
-0.0152000000000000
-0.0152000000000000
-0.0183000000000000
-0.0183000000000000
-0.0213000000000000
-0.0213000000000000
-0.0213000000000000
-0.0213000000000000
-0.0213000000000000
-0.0213000000000000
-0.0183000000000000
-0.0152000000000000
-0.0152000000000000
-0.0122000000000000
-0.00913000000000000
-0.00609000000000000
-0.00304000000000000
-0.00304000000000000
-0.00304000000000000
0
0
0
-0.00304000000000000
-0.00304000000000000
-0.00609000000000000
-0.00609000000000000
-0.00913000000000000
-0.0122000000000000
-0.0122000000000000
-0.0152000000000000
-0.0152000000000000
-0.0183000000000000
-0.0183000000000000
-0.0183000000000000
-0.0183000000000000
-0.0152000000000000
-0.0152000000000000
-0.0122000000000000
-0.0122000000000000
-0.00913000000000000
-0.00609000000000000
-0.00304000000000000
0.00304000000000000
0.00304000000000000
0.00609000000000000
0.00913000000000000
0.00913000000000000
0.00913000000000000
0.00609000000000000
0.00609000000000000
0.00304000000000000
0
0
-0.00304000000000000
-0.00304000000000000
-0.00304000000000000
-0.00304000000000000
-0.00304000000000000
-0.00609000000000000
-0.00609000000000000
-0.00913000000000000
-0.0122000000000000
-0.0122000000000000
-0.0152000000000000
-0.0152000000000000
-0.0152000000000000
-0.0152000000000000
-0.0152000000000000
-0.0122000000000000
-0.0122000000000000
-0.0122000000000000
-0.0122000000000000
-0.0122000000000000
-0.0152000000000000
-0.0152000000000000
-0.0183000000000000
-0.0183000000000000
-0.0213000000000000
-0.0213000000000000
-0.0213000000000000
-0.0183000000000000
-0.0152000000000000
-0.0122000000000000
-0.00913000000000000
-0.00609000000000000
-0.00304000000000000
0
0.00304000000000000
0.00609000000000000
0.00609000000000000
0.00913000000000000
0.00913000000000000
0.0122000000000000
0.0122000000000000
0.0152000000000000
0.0183000000000000
0.0213000000000000
0.0244000000000000
0.0274000000000000
0.0274000000000000
0.0304000000000000
0.0304000000000000
0.0304000000000000
0.0304000000000000
0.0304000000000000
0.0304000000000000
0.0304000000000000
0.0304000000000000
0.0304000000000000
0.0304000000000000
0.0335000000000000
0.0335000000000000
0.0335000000000000
0.0335000000000000
0.0365000000000000
0.0365000000000000
0.0365000000000000
0.0335000000000000
0.0335000000000000
0.0304000000000000
0.0274000000000000
0.0213000000000000
0.0183000000000000
0.0152000000000000
0.0122000000000000
0.00913000000000000
0.00609000000000000
0.00304000000000000
0
-0.00304000000000000
-0.00913000000000000
-0.0122000000000000
-0.0152000000000000
-0.0183000000000000
-0.0213000000000000
-0.0244000000000000
-0.0244000000000000
-0.0274000000000000
-0.0304000000000000
-0.0304000000000000
-0.0304000000000000
-0.0304000000000000
-0.0304000000000000
-0.0304000000000000
-0.0274000000000000
-0.0244000000000000
-0.0244000000000000
-0.0244000000000000
-0.0213000000000000
-0.0213000000000000
-0.0213000000000000
-0.0213000000000000
-0.0213000000000000
-0.0213000000000000
-0.0213000000000000
-0.0183000000000000
-0.0183000000000000
-0.0152000000000000
-0.0122000000000000
-0.0122000000000000
-0.00913000000000000
-0.00913000000000000
-0.00609000000000000
-0.00609000000000000
-0.00304000000000000
-0.00304000000000000
0
0
0.00304000000000000
0.00304000000000000
0.00609000000000000
0.00609000000000000
0.00913000000000000
0.00913000000000000
0.00913000000000000
0.00913000000000000
0.00913000000000000
0.00913000000000000
0.00913000000000000
0.0122000000000000
0.0122000000000000
0.0152000000000000
0.0152000000000000
0.0152000000000000
0.0183000000000000
0.0183000000000000
0.0183000000000000
0.0183000000000000
0.0183000000000000
0.0152000000000000
0.0152000000000000
0.0152000000000000
0.0122000000000000
0.0152000000000000
0.0152000000000000
0.0152000000000000
0.0152000000000000
0.0152000000000000
0.0122000000000000
0.00913000000000000
0.00304000000000000
0
-0.00609000000000000
-0.0122000000000000
-0.0152000000000000
-0.0183000000000000
-0.0213000000000000
-0.0244000000000000
-0.0274000000000000
-0.0274000000000000
-0.0304000000000000
-0.0304000000000000
-0.0335000000000000
-0.0365000000000000
-0.0365000000000000
-0.0365000000000000
-0.0365000000000000
-0.0365000000000000
-0.0365000000000000
-0.0365000000000000
-0.0365000000000000
-0.0365000000000000
-0.0365000000000000
-0.0396000000000000
-0.0396000000000000
-0.0426000000000000
-0.0426000000000000
-0.0426000000000000
-0.0426000000000000
-0.0426000000000000
-0.0426000000000000
-0.0426000000000000
-0.0396000000000000
-0.0365000000000000
-0.0335000000000000
-0.0304000000000000
-0.0274000000000000
-0.0213000000000000
-0.0183000000000000
-0.0122000000000000
-0.00913000000000000
-0.00609000000000000
0
0.00304000000000000
0.00609000000000000
0.00913000000000000
0.0122000000000000
0.0152000000000000
0.0183000000000000
0.0213000000000000
0.0244000000000000
0.0244000000000000
0.0274000000000000
0.0274000000000000
0.0274000000000000
0.0274000000000000
0.0244000000000000
0.0244000000000000
0.0274000000000000
0.0274000000000000
0.0274000000000000
0.0304000000000000
0.0335000000000000
0.0365000000000000
0.0396000000000000
0.0426000000000000
0.0426000000000000
0.0457000000000000
0.0457000000000000
0.0457000000000000
0.0457000000000000
0.0426000000000000
0.0426000000000000
0.0396000000000000
0.0396000000000000
0.0365000000000000
0.0335000000000000
0.0304000000000000
0.0304000000000000
0.0274000000000000
0.0274000000000000
0.0274000000000000
0.0304000000000000
0.0304000000000000
0.0304000000000000
0.0304000000000000
0.0304000000000000
0.0304000000000000
0.0274000000000000
0.0244000000000000
0.0213000000000000
0.0183000000000000
0.0152000000000000
0.0122000000000000
0.0122000000000000
0.00913000000000000
0.00913000000000000
0.00913000000000000
0.00609000000000000
0.00609000000000000
0.00304000000000000
0
-0.00304000000000000
-0.00609000000000000
-0.00913000000000000
-0.00913000000000000
-0.0122000000000000
-0.0122000000000000
-0.0122000000000000
-0.00913000000000000
-0.00609000000000000
-0.00304000000000000
0
0.00304000000000000
0.00304000000000000
0.00304000000000000
0.00304000000000000
0
-0.00304000000000000
-0.00609000000000000
-0.00913000000000000
-0.0122000000000000
-0.0152000000000000
-0.0183000000000000
-0.0213000000000000
-0.0244000000000000
-0.0274000000000000
-0.0304000000000000
-0.0304000000000000
-0.0335000000000000
-0.0335000000000000
-0.0304000000000000
-0.0304000000000000
-0.0304000000000000
-0.0274000000000000
-0.0274000000000000
-0.0244000000000000
-0.0244000000000000
-0.0213000000000000
-0.0213000000000000
-0.0183000000000000
-0.0183000000000000
-0.0152000000000000
-0.0122000000000000
-0.0122000000000000
-0.0122000000000000
-0.0122000000000000
-0.0122000000000000
-0.0152000000000000
-0.0152000000000000
-0.0183000000000000
-0.0213000000000000
-0.0244000000000000
-0.0274000000000000
-0.0304000000000000
-0.0304000000000000
-0.0335000000000000
-0.0335000000000000
-0.0365000000000000
-0.0365000000000000
-0.0365000000000000
-0.0365000000000000
-0.0396000000000000
-0.0396000000000000
-0.0396000000000000
-0.0396000000000000
-0.0365000000000000
-0.0365000000000000
-0.0335000000000000
-0.0304000000000000
-0.0274000000000000
-0.0213000000000000
-0.0183000000000000
-0.0152000000000000
-0.00913000000000000
-0.00609000000000000
-0.00304000000000000
0
0
0.00304000000000000
